11110001 11101010 00011000 11011011 00001110 11111111 00011010 10111011 01000000 01101010 10111010 01101010 10101101 11101010 00111011 01111111 00011010 11101001 00100101 00111110 01001111 10101101 10101001 00011001 01010010 00010111 11001001 01001110 10110101 10101111 00111101 00110011 01010110 01011000 11001011 10110001 10011010 01010101 01011110 11001001 00110110 11011001 11011001
11110001 11101100 00001010 11001111 01000111 11101110 00001011 10110101 01000111 00101111 10100011 00100101 10001111 11101100 00111001 01100100 00011101 11101001 00001000 00110001 01010010 10101001 11110011 00010110 01000100 01010110 10001010 01001110 10111011 10110011 00111101 00110011 01010100 01011000 11001100 10111000 11010110 00000110 01011110 10000000 00100000 11010100 11000001
10000000 10100011 00100111 11010111 00000100 11100000 00010111 10110101 00001001 00100101 10110101 00100101 10100110 11111101 00100111 01101110 00001110 10100111 00111010 00110111 01001111 11111010 11101011 00011000 01010100 01010110 11001001 01000000 10101101 10100010 01111110 01100100 01000111 00011001 11010010 10111000 11001110 01010100 01011100 11000100 00111001 11000100 11010111
11111100 11111001 00011100 11000101 00000110 11110111 00010000 11110000 01011101 00111000 10101011 01100000 10100001 11101000 01111110 01111101 00000110 10110011 00111010 00110111 01010010 10111011 11101010 01011011 00010011 01001101 11001111 01010110 10100011 11100011 00100010 00101011 01001001 01011100 11000101 11111001 11001110 01011111 01000101 11000101 01110111 11011010 11001111
11111110 11101111 00011000 10010110 00010011 11101000 00000011 10110101 01011010 00100011 10110100 01101011 10101010 11101100 01111110 01110111 00011101 10101100 00110010 00111001 00000000 10110111 11100000 00010110 01011111 01011000 10001010 01010000 10110101 10110011 00111011 00100001 01001111 01010110 10001000 10110111 11011011 01000010 01001100 11001010 00100100 11001110 10011000
11110101 11100010 00010110 10010110 00010100 11110011 00011100 11110000 01001101 00100101 10100110 01101100 10100010 11101101 00101011 01100111 00010001 10100100 00100110 01111100 00000000 10110101 11101011 00000101 01010010 01001101 10001010 01011110 10111111 10110000 00100110 01100100 01010111 01011100 11001100 10110111 11000011 01001011 00001001 11011010 01110111 11001011 11010111
11110101 11100010 00010110 10010110 00000011 11110101 00001110 10111001 01001000 00101110 10100100 01101111 10100110 10101001 00101101 01100100 00010001 11101001 00011110 00000011 01111010 10111110 11110011 00011110 01010110 01011001 11000100 01011101 10110001 11101111 01110010 00100101 01001000 01001101 11000111 10101011 11011111 01001011 00001001 11010000 00100101 11010111 11010011
10000000 10100011 00110111 11010011 00010100 11101110 00011100 10111101 00001001 00111010 10100011 01111111 10100110 11100010 00110001 01100011 00010101 10100111 00100110 01111100 00000000 10100000 11101100 01010111 01011110 01011000 11000000 00010100 10110010 10100010 00100010 00110100 01011000 01010111 11000001 10110111 11011101 00000110 01011001 11001111 00101101 11011010 11011001
11111110 10100011 00001101 11011001 00011101 11111011 01011001 10100100 01010000 00100111 11110001 01100111 10100110 11100111 00111011 01101011 00011101 10101010 00110101 00110101 01001110 10101110 11100010 00010110 00010011 01011101 11001111 01000111 10101110 11100011 00100001 00111110 01011110 01000011 11001101 10101010 11010110 01001111 01011110 11000001 01110111 10010010 10010110
11111011 11101111 00011100 11000010 00000010 11111101 00010110 11110000 01000011 00111111 10101011 00100101 10110100 10101001 00101010 01101000 01010100 10100111 00110110 00110101 01000100 10100000 11100000 00010010 01011111 01010010 10001010 01000011 11111010 10101000 00110011 00111110 01011001 01011100 11000010 11111001 11000000 00000110 01011001 11001111 00111011 11011110 11011101
11111110 11111001 01011101 11010010 00011101 11110011 00001110 10111110 01001100 01100110 11110001 01111111 10100110 10101001 00110000 01100100 00011111 10111101 01111111 00111110 01000001 11111010 11111101 00011000 00010011 01000000 11001001 01001110 10111111 10110000 00111100 00101101 01011000 01010011 10001000 10110111 11010011 01000011 00001001 11010111 00100111 11001100 11010010
11101100 11100010 00010000 10010110 00100101 11101000 00010110 10111110 01000000 00111001 10111101 01100100 10110100 10101001 00010101 01100010 00011001 10100110 00101101 00111111 01010111 10101001 11100010 00011110 00010011 01010101 11010011 01011000 11111010 10110100 01110010 00101001 01010010 01010100 11001101 10110111 11011001 01001111 01001100 10000000 00101101 11001100 11011011
11111101 11110001 00010010 11011000 00001110 11101001 00010101 10110001 01011110 01101010 10011010 01101010 10101110 11100110 00101100 01100010 00000011 10111010 00110100 00111001 00000000 10101010 11100110 00010011 01000011 01011110 11011001 01010101 10110110 11100011 01100111 01101001 01010001 01011100 11011100 10110111 11010011 00000110 01000010 11001111 00111001 11011001 11000100
11111110 10100011 00001010 11011101 00010101 11110101 00001101 10110011 01001100 01101010 10110011 01100000 10100111 11110011 00110111 01101000 01010100 10100011 00111010 00100011 01011010 10111001 11110011 00010010 00010011 01000100 11010000 01010111 10100000 10100110 00100001 00101000 01010100 01001110 11011011 10100011 11011011 00001000 00001001 11101010 00110110 11000110 10010110
11110100 11110111 00010010 11000101 01000111 11101101 01011001 10111010 01001100 00100000 11110001 01101100 10101110 11100000 00111011 01100011 00011101 10111100 01111111 00110100 01001111 10101001 11111101 00010110 01011111 00010111 11000100 01011101 10111111 10100111 00110011 00110011 01010011 01010110 10001000 11101011 10001010 00000110 01000100 11001100 00111001 10001101 11010011
11110101 11100010 00010110 10010110 00010011 11110101 01011001 10111010 01001100 00101110 10111111 01100100 10101000 10101001 00110011 01100010 00001110 10100101 00110110 00100111 01000101 11110110 10101001 00001101 01010110 00010111 11000101 01010110 10101000 10100010 00101000 01100100 01000111 01011101 11000111 10110101 11011011 01001010 00001001 11001111 00100011 11011111 11001100
11101000 11101111 00011100 11000101 00001001 11110011 00011100 11110000 01011010 00100011 10110100 00100101 10100111 11100110 00101001 01100100 00010001 10101101 00100101 00111001 01000001 10110110 10100101 01010111 01001001 01010010 10001010 01111110 10111011 10101101 00110110 00100101 00011101 01001101 11000111 11111001 11010100 01001111 01001100 10000000 00011010 11001100 11011010
11111011 11110001 00011100 11011011 00000110 11101110 01011001 10110010 01010000 00111101 10110000 01101001 10100000 11101000 01111110 01111001 00010001 10101000 00101011 00100010 01010101 11111010 11000010 00000101 01001010 01000100 11011110 01001101 10110100 10111010 01110010 00001110 01011100 01010111 11001100 10100000 10010100 00000110 00001001 11110111 00111011 11001100 11000101
11111100 11101011 00000100 11010100 00000110 10111010 00010111 10111001 01001100 01101010 10110011 01111100 10101111 10101001 00100100 01101100 00010000 10100110 00101000 00111111 01001100 10110101 11100111 00001110 00010011 01001101 10001010 01011011 10111110 10110011 00111101 00110011 01010100 01011100 11001100 10100011 11010011 00001010 00001001 11000010 00111000 10001101 11000110
11110101 11100110 00001110 11011010 00001110 10111010 00000011 10110100 01000110 00101000 10110100 01100001 10111001 11100000 00111011 01100000 00001101 11101001 00101000 00111100 01000001 10111110 11110011 00010010 00011111 00010111 11000111 01010001 10110111 10111010 01110010 00111110 00011101 01111000 11000100 10111100 11010001 01010101 01001000 11001110 00110011 11011111 11010011
11111010 11110100 00011100 10010110 00110000 11111011 00011010 10111000 01000110 00111101 10111000 01100110 10111001 10110011 01111110 00101111 00111000 10111100 00111101 00111001 01000101 11111010 11111101 00010010 01000000 01000011 11000101 01000011 10111011 10100000 01110010 00110110 01010010 01000011 11000110 10111100 10011010 01001100 01001000 11000100 00100101 11001100 10010100